<?xml version="1.0" encoding="UTF-8" standalone="no"?>
<!DOCTYPE svg PUBLIC "-//W3C//DTD SVG 20010904//EN"
              "http://www.w3.org/TR/2001/REC-SVG-20010904/DTD/svg10.dtd">

<svg xmlns="http://www.w3.org/2000/svg"
     width="5.05492in" height="3.19405in"
     viewBox="0 0 364 230">
  <path id="Selection"
        fill="none" stroke="black" stroke-width="1"
        d="M 364.00,0.00
           C 364.00,0.00 364.00,107.00 364.00,107.00
             364.00,107.00 364.00,137.00 364.00,137.00
             364.00,137.00 363.00,153.00 363.00,153.00
             361.33,144.11 352.91,131.06 348.33,123.00
             346.26,119.35 344.37,114.09 341.73,111.17
             341.73,111.17 325.01,96.96 325.01,96.96
             325.01,96.96 310.00,80.33 310.00,80.33
             304.16,75.46 282.49,66.63 275.00,65.11
             272.82,64.95 270.23,65.00 268.00,65.11
             268.00,65.11 218.00,65.11 218.00,65.11
             218.00,65.11 183.00,70.00 183.00,70.00
             178.96,70.04 172.75,70.28 169.00,69.21
             163.19,67.56 145.57,56.69 141.17,52.67
             141.17,52.67 133.99,45.30 133.99,45.30
             133.99,45.30 125.00,37.91 125.00,37.91
             125.00,37.91 113.83,25.81 113.83,25.81
             110.22,23.21 102.91,21.86 96.00,17.10
             90.52,13.32 86.60,7.16 80.00,5.47
             75.35,4.28 66.58,5.99 61.00,6.00
             61.00,6.00 50.00,6.00 50.00,6.00
             38.89,6.02 42.41,7.92 35.00,10.37
             35.00,10.37 23.00,13.05 23.00,13.05
             18.68,14.48 4.13,22.28 0.00,25.00
             0.00,25.00 0.00,0.00 0.00,0.00
             0.00,0.00 364.00,0.00 364.00,0.00 Z
           M 27.00,40.00
           C 26.08,43.28 25.85,46.94 24.44,50.00
             24.44,50.00 19.09,59.00 19.09,59.00
             17.13,63.03 15.31,74.71 16.65,79.00
             18.15,83.81 22.95,88.86 28.00,89.77
             30.66,90.26 34.16,89.52 36.48,90.99
             38.54,92.30 40.48,95.79 41.39,98.00
             47.33,112.31 44.73,124.84 49.09,137.00
             49.09,137.00 55.17,150.00 55.17,150.00
             57.13,155.61 56.45,158.47 59.89,165.00
             59.89,165.00 73.13,185.00 73.13,185.00
             73.13,185.00 73.13,196.00 73.13,196.00
             73.35,203.99 76.66,217.29 85.00,220.40
             86.92,221.11 89.93,221.00 92.00,221.00
             92.00,221.00 114.00,221.00 114.00,221.00
             121.99,221.15 121.66,223.70 128.00,227.08
             128.00,227.08 135.00,230.00 135.00,230.00
             135.00,230.00 0.00,230.00 0.00,230.00
             0.00,230.00 0.00,31.00 0.00,31.00
             11.40,36.37 14.47,38.35 27.00,40.00 Z
           M 364.00,190.00
           C 364.00,190.00 364.00,230.00 364.00,230.00
             364.00,230.00 282.00,230.00 282.00,230.00
             282.00,230.00 259.00,230.00 259.00,230.00
             259.00,230.00 246.00,229.00 246.00,229.00
             256.66,227.59 271.96,226.60 280.83,220.19
             285.09,217.10 286.26,212.68 287.85,210.61
             287.85,210.61 300.09,200.02 300.09,200.02
             304.15,197.85 309.81,200.31 320.00,197.51
             328.42,195.20 337.71,187.63 345.00,183.06
             351.08,179.25 358.67,175.71 363.00,170.00
             363.00,170.00 364.00,190.00 364.00,190.00 Z" />
</svg>
